draw:
t_2: 
  D1=[0.648601, -0.495729, 0.171205, 0.964956, 0.000848, -0.001634, -0.262407]
  D2=[0.31143, -0.376713, 0.166441, 0.720454, 0.119725, -0.679564, 0.069309]
  
  # 1：nova2 2：nova5 3:LeftHand 4:rightHand 5: thread 0:stop -1:skip
  pose_list=[
    # -1,
    1, [[0, 0, 0, 0, 0, 0]],
    2, [[0, 0, 0, 0, 0, 0]],
    3, [[255, 0, 255, 255, 255, 255, 255, 255, 255, 255]],
    4, [[255, 0, 255, 255, 255, 255, 255, 255, 255, 255]],

    4, [[255, 10, 255, 255, 255, 255, 255, 255, 255, 184]],
    1, [[-17.775, 28.986, -110.878, 36.572, 48.322, 38.161],
        [-17.766, 26.933, -135.073, 62.813, 48.313, 38.172]],
    # -1,
    4, [[212, 10, 187, 171, 168, 174, 2, 44, 78, 184]],
    1, [[-26.412, 8.886, -98.412, 42.574, 47.875, 41.174]],
    # -1,
    5, "right",


    # -1,
    3, [[255, 0, 255, 255, 122, 122, 130, 213, 184, 214]],
    2, [[48.225, -7.795, 118.311, -61.342, -80.41, -10.536],
        [48.216, -0.741, 128.791, -78.874, -80.397, -10.547]],
    # -1,
    3, [[196, 0, 186, 183, 112, 112, 130, 213, 184, 214]],
    2, [[18.285, 11.09, 86.587, -19.053, -50.553, -75.274]],
    # -1,
    2, [[14.957, 26.223, 64.594, -9.463, -49.989, -79.535]],
    3, [[255, 0, 255, 255, 122, 122, 130, 213, 184, 214]],
    2, [[19.711, -23.361, 115.354, -35.523, -47.216, -78.301]],
    # -1,
    5, "left",
    # 0, 

    5, "left",
    1, [[-20.496, 12.126, -90.347, 58.556, 60.531, 99.366],
        [-48.987, -6.874, -114.106, 88.830, 92.930, 2.358]],
    4, [[255, 10, 255, 255, 255, 255, 255, 255, 255, 184]],
    1, [[-51.835, 3.528, -80.466, 44.238, 92.922, 13.044]],
    5, "right",
    0
]
